#
#
#  Percent Identity  Matrix - created by Clustal2.1 
#
#

     1: Human       100.00   97.81   97.72   96.37   96.62   88.51   71.07   66.10   32.94   25.81
     2: Dog          97.81  100.00   98.11   96.20   96.49   88.72   71.15   66.68   33.16   26.07
     3: Cattle       97.72   98.11  100.00   96.31   96.53   88.65   71.30   66.62   33.13   26.15
     4: Rat          96.37   96.20   96.31  100.00   98.00   87.82   73.85   69.27   33.04   25.95
     5: Mouse        96.62   96.49   96.53   98.00  100.00   88.04   71.05   66.12   32.83   26.20
     6: Chicken      88.51   88.72   88.65   87.82   88.04  100.00   75.35   71.19   33.10   27.13
     7: clawedFrog   71.07   71.15   71.30   73.85   71.05   75.35  100.00   62.70   32.63   26.13
     8: zebraFish    66.10   66.68   66.62   69.27   66.12   71.19   62.70  100.00   31.29   25.77
     9: fruitFly     32.94   33.16   33.13   33.04   32.83   33.10   32.63   31.29  100.00   29.35
    10: roundWorm    25.81   26.07   26.15   25.95   26.20   27.13   26.13   25.77   29.35  100.00
