#
#
#  Percent Identity  Matrix - created by Clustal2.1 
#
#

     1: Human                       100.00   81.51   64.38   42.66   43.57   26.57   27.41   36.76   46.21   49.26   46.97   47.66   43.51   43.51   45.04   39.53   34.03   36.11   34.35   28.57   27.07   25.58   27.64   15.60
     2: Mouse                        81.51  100.00   61.64   44.76   45.00   25.87   28.89   34.56   46.21   46.32   46.97   48.44   42.75   42.75   47.33   37.98   35.42   35.42   37.40   28.57   27.07   26.36   29.27   16.51
     3: zebraFish                    64.38   61.64  100.00   41.89   41.89   29.33   26.06   36.03   47.73   47.55   46.21   49.22   37.68   37.96   48.09   34.88   34.39   36.73   34.35   27.40   25.71   26.92   30.08   14.66
     4: fruitFly                     42.66   44.76   41.89  100.00   43.48   23.45   21.58   34.29   39.39   42.11   43.51   40.31   35.66   36.43   42.75   33.85   33.33   35.21   31.06   28.87   25.95   23.44   23.20   15.32
     5: roundWorm                    43.57   45.00   41.89   43.48  100.00   26.38   28.39   36.30   39.69   43.84   43.51   42.06   37.96   35.56   44.19   37.01   32.67   40.97   37.21   29.14   24.32   25.00   27.87   13.85
     6: thaleCress                   26.57   25.87   29.33   23.45   26.38  100.00   51.25   26.09   26.52   27.40   31.82   25.00   28.06   27.01   30.77   24.03   23.08   26.53   29.01   29.92   16.00   19.85   26.40   13.20
     7: Soybean                      27.41   28.89   26.06   21.58   28.39   51.25  100.00   25.00   24.80   24.64   31.45   24.79   30.08   29.01   28.69   25.62   27.33   29.50   28.57   37.27   19.01   22.05   29.75   17.89
     8: yeastS288c                   36.76   34.56   36.03   34.29   36.30   26.09   25.00  100.00   40.15   37.59   34.35   33.33   34.38   35.16   34.35   37.40   30.50   31.11   32.82   31.01   16.67   25.20   25.00   18.27
     9: fissionYeast                 46.21   46.21   47.73   39.39   39.69   26.52   24.80   40.15  100.00   43.51   40.77   38.89   37.30   38.10   41.09   34.40   30.53   30.30   33.33   29.51   23.26   27.20   24.39   19.61
    10: moldAX4                      49.26   46.32   47.55   42.11   43.84   27.40   24.64   37.59   43.51  100.00   47.33   44.09   34.06   33.82   43.08   37.30   30.56   35.97   29.69   25.19   23.78   27.13   23.77   14.78
    11: Thermotoga                   46.97   46.97   46.21   43.51   43.51   31.82   31.45   34.35   40.77   47.33  100.00   45.67   40.48   40.48   50.77   44.35   34.35   43.18   37.30   30.58   25.58   28.57   28.46   15.53
    12: Streptococcus_pneumoniae     47.66   48.44   49.22   40.31   42.06   25.00   24.79   33.33   38.89   44.09   45.67  100.00   35.25   36.07   42.97   33.06   33.59   37.01   29.51   30.51   21.60   24.39   27.27   15.00
    13: Synechocystis_sp._PCC_6714   43.51   42.75   37.68   35.66   37.96   28.06   30.08   34.38   37.30   34.06   40.48   35.25  100.00   89.86   40.00   38.21   30.22   33.08   55.38   28.03   27.41   25.40   27.73   17.59
    14: unclassified_Synechocystis   43.51   42.75   37.96   36.43   35.56   27.01   29.01   35.16   38.10   33.82   40.48   36.07   89.86  100.00   38.40   38.21   32.85   34.35   57.69   26.92   28.57   25.40   27.73   15.09
    15: Clostridiales                45.04   47.33   48.09   42.75   44.19   30.77   28.69   34.35   41.09   43.08   50.77   42.97   40.00   38.40  100.00   40.48   31.82   36.15   34.40   33.61   24.41   21.26   31.20   16.67
    16: Microcystis_aeruginosa       39.53   37.98   34.88   33.85   37.01   24.03   25.62   37.40   34.40   37.30   44.35   33.06   38.21   38.21   40.48  100.00   32.58   35.94   31.20   27.50   20.80   24.59   29.41   20.83
    17: Leishmania_donovani          34.03   35.42   34.39   33.33   32.67   23.08   27.33   30.50   30.53   30.56   34.35   33.59   30.22   32.85   31.82   32.58  100.00   30.61   30.30   25.97   21.68   21.90   22.83   11.29
    18: Deinococcus_radiodurans      36.11   35.42   36.73   35.21   40.97   26.53   29.50   31.11   30.30   35.97   43.18   37.01   33.08   34.35   36.15   35.94   30.61  100.00   36.15   29.20   26.28   23.62   23.58   13.27
    19: Actinobacteria               34.35   37.40   34.35   31.06   37.21   29.01   28.57   32.82   33.33   29.69   37.30   29.51   55.38   57.69   34.40   31.20   30.30   36.15  100.00   28.00   28.00   23.58   27.73   13.27
    20: Shewanella_oneidensis        28.57   28.57   27.40   28.87   29.14   29.92   37.27   31.01   29.51   25.19   30.58   30.51   28.03   26.92   33.61   27.50   25.97   29.20   28.00  100.00   16.55   20.49   27.59   16.00
    21: Streptomyces_coelicolor      27.07   27.07   25.71   25.95   24.32   16.00   19.01   16.67   23.26   23.78   25.58   21.60   27.41   28.57   24.41   20.80   21.68   26.28   28.00   16.55  100.00   22.05   23.97    8.40
    22: Streptococcus                25.58   26.36   26.92   23.44   25.00   19.85   22.05   25.20   27.20   27.13   28.57   24.39   25.40   25.40   21.26   24.59   21.90   23.62   23.58   20.49   22.05  100.00   37.88   15.60
    23: Clostridioides_difficile     27.64   29.27   30.08   23.20   27.87   26.40   29.75   25.00   24.39   23.77   28.46   27.27   27.73   27.73   31.20   29.41   22.83   23.58   27.73   27.59   23.97   37.88  100.00   14.29
    24: Plasmodium_falciparum_3D7    15.60   16.51   14.66   15.32   13.85   13.20   17.89   18.27   19.61   14.78   15.53   15.00   17.59   15.09   16.67   20.83   11.29   13.27   13.27   16.00    8.40   15.60   14.29  100.00
