#
#
#  Percent Identity  Matrix - created by Clustal2.1 
#
#

     1: Homo_sapiens             100.00   96.62   66.34   32.42   26.45   98.87   97.81   97.72   96.37   71.15
     2: Mus_musculus              96.62  100.00   66.24   32.45   27.19   95.67   96.49   96.53   98.00   70.94
     3: Danio_rerio               66.34   66.24  100.00   31.31   26.07   65.01   66.92   66.84   69.52   62.89
     4: Drosophila_melanogaster   32.42   32.45   31.31  100.00   28.54   30.89   32.62   32.64   32.72   32.07
     5: Caenorhabditis_elegans    26.45   27.19   26.07   28.54  100.00   25.61   26.90   27.06   26.98   26.47
     6: Macaca_mulatta            98.87   95.67   65.01   30.89   25.61  100.00   96.94   96.84   95.26   69.70
     7: Canis_lupus_familiaris    97.81   96.49   66.92   32.62   26.90   96.94  100.00   98.11   96.20   71.14
     8: Bos_taurus                97.72   96.53   66.84   32.64   27.06   96.84   98.11  100.00   96.31   71.29
     9: Rattus_norvegicus         96.37   98.00   69.52   32.72   26.98   95.26   96.20   96.31  100.00   73.82
    10: Xenopus_tropicalis        71.15   70.94   62.89   32.07   26.47   69.70   71.14   71.29   73.82  100.00
