#
#
#  Percent Identity  Matrix - created by Clustal2.1 
#
#

     1: Human                                   100.00   96.58   77.04   64.12   61.44   53.60   53.95   59.08   55.38   51.33   50.53   45.79   39.04   36.96   21.79   18.24   17.72   17.89   20.13   21.63   21.20
     2: Mouse                                    96.58  100.00   76.52   64.64   60.90   54.40   53.95   59.62   56.18   51.86   50.26   46.32   38.74   36.65   22.50   18.84   18.14   18.53   20.45   21.99   21.91
     3: zebraFish                                77.04   76.52  100.00   63.85   63.30   57.07   56.32   56.64   53.49   52.53   51.85   49.21   38.44   35.09   21.79   16.41   17.30   18.47   19.87   22.34   22.97
     4: fruitFly                                 64.12   64.64   63.85  100.00   60.10   52.25   52.09   54.69   51.33   50.92   48.56   46.49   38.74   36.65   21.28   17.96   17.72   17.92   18.91   20.42   21.40
     5: roundWorm                                61.44   60.90   63.30   60.10  100.00   52.13   50.92   54.05   53.62   49.20   49.21   48.17   33.93   34.78   22.86   15.96   16.03   19.30   19.68   21.63   20.49
     6: thaleCress                               53.60   54.40   57.07   52.25   52.13  100.00   83.55   46.90   51.34   49.07   47.12   45.29   35.82   36.42   20.94   15.96   17.23   17.72   20.00   22.94   21.07
     7: Soybean                                  53.95   53.95   56.32   52.09   50.92   83.55  100.00   48.13   51.19   51.18   47.53   43.24   35.52   36.73   20.93   14.93   17.65   17.40   21.52   22.52   22.37
     8: yeastS288c                               59.08   59.62   56.64   54.69   54.05   46.90   48.13  100.00   58.09   46.24   47.75   44.30   39.34   35.09   19.79   18.07   17.50   19.30   20.32   21.75   20.98
     9: fissionYeast                             55.38   56.18   53.49   51.33   53.62   51.34   51.19   58.09  100.00   48.80   47.11   42.37   37.72   36.22   20.36   18.24   17.72   17.57   18.39   19.15   17.67
    10: moldAX4                                  51.33   51.86   52.53   50.92   49.20   49.07   51.18   46.24   48.80  100.00   46.34   44.39   35.52   34.26   21.99   19.22   19.33   20.75   20.19   23.24   23.86
    11: Leishmania_donovani                      50.53   50.26   51.85   48.56   49.21   47.12   47.53   47.75   47.11   46.34  100.00   45.15   41.62   35.29   21.43   17.01   14.77   18.15   22.58   20.57   22.97
    12: Plasmodium_falciparum_3D7                45.79   46.32   49.21   46.49   48.17   45.29   43.24   44.30   42.37   44.39   45.15  100.00   42.22   35.60   18.97   18.20   16.03   20.51   20.39   18.79   21.13
    13: Sulfolobus_acidocaldarius                39.04   38.74   38.44   38.74   33.93   35.82   35.52   39.34   37.72   35.52   41.62   42.22  100.00   45.73   20.36   17.73   15.61   19.26   20.63   17.20   21.51
    14: Methanothermobacter_thermautotrophicus   36.96   36.65   35.09   36.65   34.78   36.42   36.73   35.09   36.22   34.26   35.29   35.60   45.73  100.00   19.85   18.12   15.95   17.61   19.93   18.96   17.91
    15: Thermotoga_maritima                      21.79   22.50   21.79   21.28   22.86   20.94   20.93   19.79   20.36   21.99   21.43   18.97   20.36   19.85  100.00   40.41   29.89   39.49   40.12   38.69   39.84
    16: Synechocystis_sp._PCC_7509               18.24   18.84   16.41   17.96   15.96   15.96   14.93   18.07   18.24   19.22   17.01   18.20   17.73   18.12   40.41  100.00   28.35   60.23   37.92   35.56   37.67
    17: Shewanella_oneidensis                    17.72   18.14   17.30   17.72   16.03   17.23   17.65   17.50   17.72   19.33   14.77   16.03   15.61   15.95   29.89   28.35  100.00   28.74   30.59   26.44   29.84
    18: Microcystis_aeruginosa                   17.89   18.53   18.47   17.92   19.30   17.72   17.40   19.30   17.57   20.75   18.15   20.51   19.26   17.61   39.49   60.23   28.74  100.00   37.05   33.10   36.28
    19: Deinococcus_radiodurans                  20.13   20.45   19.87   18.91   19.68   20.00   21.52   20.32   18.39   20.19   22.58   20.39   20.63   19.93   40.12   37.92   30.59   37.05  100.00   36.94   35.95
    20: Streptococcus_pneumoniae                 21.63   21.99   22.34   20.42   21.63   22.94   22.52   21.75   19.15   23.24   20.57   18.79   17.20   18.96   38.69   35.56   26.44   33.10   36.94  100.00   44.42
    21: Clostridioides_difficile                 21.20   21.91   22.97   21.40   20.49   21.07   22.37   20.98   17.67   23.86   22.97   21.13   21.51   17.91   39.84   37.67   29.84   36.28   35.95   44.42  100.00
